458916273
916273458
273458916
734569182
589132764
162784539
627345891
891627345
345891627

458916723
916723458
723458916
167234589
234589167
589167234
672345891
891672345
345891672

458916723
617243598
923758416
234589167
176324859
589167234
345891672
762435981
891672345

458916273
916273458
273458916
162734589
589162734
734589162
891627345
345891627
627345891

458916273
916273458
273458916
734589162
162734589
589162734
891627345
345891627
627345891

458916273
916273458
273458916
162734589
734589162
589162734
345891627
891627345
627345891

456917328
918326457
327458916
264579183
173284569
589163274
891632745
745891632
632745891

458916273
916273458
273458916
734589162
162734589
589162734
621347895
345891627
897625341

458916273
916273458
273458916
162734589
734589162
589162734
345891627
627345891
891627345

458916723
916723458
723458916
234189567
167534289
589267134
345891672
891672345
672345891

458916327
916327458
327458916
163274589
274589163
589163274
745891632
632745891
891632745

418956372
596372418
372418956
859163724
724589163
163724589
637245891
981637245
245891637

458916327
916327458
327458916
174589263
563274189
289163574
745891632
632745891
891632745

458916273
196273458
273458916
589162734
734589162
612734589
821697345
345821697
967345821

458916327
316427958
927358416
163274589
589163274
274589163
632745891
891632745
745891632

456918723
913726458
728453916
234569187
589137264
167284539
345891672
871642395
692375841

458916372
916372458
372458916
163724589
589163724
724589163
637245891
245891637
891637245

458916327
916327458
327458916
163274589
589163274
274589163
632741895
895632741
741895632

458916723
916723458
723458916
234589167
167234589
589167234
345891672
672345891
891672345

458916723
916723458
723458916
234589167
167234589
589167234
672345891
891672345
345891672

458916723
916723458
723458916
234589167
167234589
589167234
672345891
345891672
891672345

453918276
916273458
278456319
162734985
589162734
734589162
627345891
891627543
345891627

458916723
916723458
723458916
234589167
167234589
589167234
672345891
891672345
345891672

458916273
916273458
273458916
162734589
734589162
589162734
691327845
345891627
827645391

458916372
916372458
372458916
163724589
589163724
724589163
637245891
245891637
891637245

453916278
918273456
267458913
734589162
126734589
589162734
672345891
345891627
891627345

458916327
916327458
327458916
163274589
589163274
274589163
691732845
745891632
832645791

452918376
916372458
378456912
163524789
789163524
245789163
524891637
637245891
891637245

458216973
916473258
273958416
734589162
589162734
162734589
325841697
647395821
891627345

458916723
916723458
723458916
234589167
589167234
167234589
345891672
891672345
672345891

458913276
916278453
273456918
162734589
734589162
589162734
345891627
891627345
627345891

458916723
916723458
723458916
589167234
234589167
167234589
841692375
395871642
672345891

458916372
916372458
372458916
163724589
724589163
589163724
245891637
637245891
891637245

458916372
916372458
372458916
724589163
589163724
163724589
637245891
245891637
891637245

458916372
916372458
372458916
189763524
724589163
563124789
637245891
891637245
245891637

458916723
916723458
723458916
167234589
589167234
234589167
672345891
345891672
891672345

458916372
916372458
372458916
724589163
163724589
589163724
245891637
891637245
637245891

458916723
916723458
723458916
234589167
167234589
589167234
672345891
891672345
345891672

458916723
916723458
723458916
234589167
589167234
167234589
342895671
891672345
675341892

458916723
916723458
723458916
167234589
589167234
234589167
345891672
672345891
891672345

458916723
916723458
723458916
134589267
589267134
267134589
891672345
345891672
672345891

458916327
916327458
327458916
163274589
579183264
284569173
632745891
745891632
891632745

458916273
916273458
273458916
162734589
589162734
734589162
891627345
345891627
627345891

458916723
916723458
723458916
589167234
234589167
167234589
672345891
841692375
395871642

456913728
918726453
723458916
167234589
589167234
234589167
672345891
891672345
345891672

458916327
916327458
327458916
164279583
589163274
273584169
632745891
891632745
745891632

458916327
916327458
327458916
163274589
579183264
284569173
745891632
632745891
891632745

458916327
916327458
327458916
589163274
274589163
163274589
745831692
831692745
692745831

458916372
916372458
372458916
724589163
163724589
589163724
235891647
891647235
647235891

358916472
916472358
472358916
724589163
163724589
589163724
241895637
637241895
895637241

458916372
916372458
372458916
724589163
163724589
589163724
245891637
891637245
637245891

458916723
916723458
723458916
234589167
167234589
589167234
671345892
895672341
342891675

458916723
916723458
723458916
234589167
589167234
167234589
891642375
345871692
672395841

458916723
916723458
723458916
234589167
589167234
167234589
345891672
672345891
891672345

458916723
916723458
723458916
589167234
234589167
167234589
672345891
891672345
345891672

458916723
916723458
723458916
234589167
589167234
167234589
345891672
891672345
672345891

458916327
916327458
327458916
163274589
589163274
274589163
632745891
891632745
745891632

458916327
916327458
327458916
163274589
589163274
274589163
632745891
891632745
745891632

428916753
956723418
713458926
589167234
234589167
167234589
672345891
891672345
345891672

458916273
916273458
273458916
162734589
734589162
589162734
821697345
345821697
697345821

458916723
916723458
723458916
234589167
167234589
589167234
671345892
892671345
345892671

458916372
916372458
372458916
163724589
724589163
589163724
891637245
245891637
637245891

458916327
916327458
327458916
274589163
163274589
589163274
741892635
632745891
895631742

458619723
916723458
723458916
589164237
234587169
167932584
891276345
345891672
672345891

458916723
916723458
723458916
167234589
234589167
589167234
891672345
345891672
672345891

458916372
916372458
372458916
163724589
589163724
724589163
245891637
637245891
891637245

458916327
916327458
327458916
163274589
274589163
589163274
632745891
745891632
891632745

418956327
956327418
327418956
163274589
589163274
274589163
645791832
891632745
732845691

458316927
316927458
927458316
163274589
589163274
274589163
632745891
745891632
891632745

458916327
916327458
327458916
274589163
163274589
589163274
632745891
891632745
745891632

458916723
916723458
723458916
234589167
167234589
589167234
345891672
672345891
891672345

458916327
916327458
327458916
163274589
589163274
274589163
632745891
745891632
891632745

458916273
916273458
273458916
734589162
589162734
162734589
345891627
891627345
627345891

458916273
916273458
273458916
162534789
734189562
589762134
345891627
891627345
627345891

458916327
916237458
327458916
163724589
274589163
589163274
642375891
795841632
831692745

452916378
916378452
378452916
724589163
163724589
589163724
245891637
637245891
891637245

345916278
916278453
278453916
162734589
589162734
734589162
453891627
627345891
891627345

458917362
917326458
326458917
274589136
163274589
589163274
632745891
745891623
891632745

458916273
916273458
273458916
734589162
162734589
589162734
345891627
891627345
627345891

458916372
916372458
372458916
524789163
789163524
163524789
245891637
637245891
891637245

458916372
916372458
372458916
724589163
163724589
589163724
637245891
245891637
891637245

458916327
916327458
327458916
589163274
274589163
163274589
745891632
632745891
891632745

458916372
916372458
372458916
724589163
163724589
589163724
235841697
647295831
891637245

458916327
916327458
327458916
163274589
589163274
274589163
745891632
632745891
891632745

458916723
916723458
723458916
167234589
234589167
589167234
345691872
691872345
872345691

458916327
916327458
327458916
274589163
163274589
589163274
632745891
891632745
745891632

418976253
956213478
273458916
764539182
132784569
589162734
627345891
891627345
345891627

458916372
916372458
372458916
724589163
163724589
589163724
637245891
245891637
891637245

458916273
916273458
273458916
734589162
589162734
162734589
627345891
891627345
345891627

458916327
916327458
327458916
163274589
274589163
589163274
632745891
745891632
891632745

458916372
916372458
372458916
589163724
724589163
163724589
637245891
891637245
245891637

418976253
956213478
273458916
162734589
589162734
734589162
327645891
691827345
845391627

458916723
916723458
723458916
234589167
167234589
589167234
345891672
672345891
891672345

458916372
916372458
372458916
724589163
589163724
163724589
637245891
245891637
891637245

458916327
916327458
327458916
163274589
274589163
589163274
632745891
745891632
891632745

418956327
956327418
327418956
274589163
163274589
589163274
632745891
745891632
891632745

458916273
916273458
273458916
734589162
162734589
589162734
627345891
345891627
891627345

458916723
916723458
723458916
234589167
167234589
589167234
891672345
345891672
672345891

354916728
916728453
728453916
243589167
589167234
167234589
435891672
891672345
672345891

458916372
916372458
372458916
589163724
724589163
163724589
637245891
891637245
245891637

