458916273
916273458
273458916
589162734
734589162
162734589
891627345
345891627
627345891

458916273
916273458
273458916
589162734
734589162
162734589
627345891
891627345
345891627

458916273
916273458
273458916
589162734
734589162
162734589
627345891
345891627
891627345

458916273
916273458
273458916
589162734
734589162
162734589
345891627
891627345
627345891

458916273
916273458
273458916
589162734
734589162
162734589
345891627
627345891
891627345

458916273
916273458
273458916
162734589
589162734
734589162
891627345
345891627
627345891

458916273
916273458
273458916
162734589
589162734
734589162
627345891
891627345
345891627

458916273
916273458
273458916
162734589
589162734
734589162
627345891
345891627
891627345

458916273
916273458
273458916
162734589
589162734
734589162
345891627
891627345
627345891

458916273
916273458
273458916
162734589
589162734
734589162
345891627
627345891
891627345

458916273
916273458
273458916
162734589
734589162
589162734
891627345
345891627
627345891

458916273
916273458
273458916
162734589
734589162
589162734
627345891
891627345
345891627

458916273
916273458
273458916
162734589
734589162
589162734
627345891
345891627
891627345

458916273
916273458
273458916
162734589
734589162
589162734
345891627
891627345
627345891

458916273
916273458
273458916
162734589
734589162
589162734
345891627
627345891
891627345

458916273
916273458
273458916
734589162
589162734
162734589
891627345
345891627
627345891

458916273
916273458
273458916
734589162
589162734
162734589
627345891
891627345
345891627

458916273
916273458
273458916
734589162
589162734
162734589
627345891
345891627
891627345

458916273
916273458
273458916
734589162
589162734
162734589
345891627
891627345
627345891

458916273
916273458
273458916
734589162
589162734
162734589
345891627
627345891
891627345

458916273
916273458
273458916
734589162
162734589
589162734
891627345
345891627
627345891

458916273
916273458
273458916
734589162
162734589
589162734
627345891
891627345
345891627

458916273
916273458
273458916
734589162
162734589
589162734
627345891
345891627
891627345

458916273
916273458
273458916
734589162
162734589
589162734
345891627
891627345
627345891

458916273
916273458
273458916
734589162
162734589
589162734
345891627
627345891
891627345

458916327
916327458
327458916
589163274
274589163
163274589
891632745
745891632
632745891

458916327
916327458
327458916
589163274
274589163
163274589
632745891
891632745
745891632

458916327
916327458
327458916
589163274
274589163
163274589
632745891
745891632
891632745

458916327
916327458
327458916
589163274
274589163
163274589
745891632
891632745
632745891

458916327
916327458
327458916
589163274
274589163
163274589
745891632
632745891
891632745

458916327
916327458
327458916
163274589
589163274
274589163
891632745
745891632
632745891

458916327
916327458
327458916
163274589
589163274
274589163
632745891
891632745
745891632

458916327
916327458
327458916
163274589
589163274
274589163
632745891
745891632
891632745

458916327
916327458
327458916
163274589
589163274
274589163
745891632
891632745
632745891

458916327
916327458
327458916
163274589
589163274
274589163
745891632
632745891
891632745

458916327
916327458
327458916
163274589
274589163
589163274
891632745
745891632
632745891

458916327
916327458
327458916
163274589
274589163
589163274
632745891
891632745
745891632

458916327
916327458
327458916
163274589
274589163
589163274
632745891
745891632
891632745

458916327
916327458
327458916
163274589
274589163
589163274
745891632
891632745
632745891

458916327
916327458
327458916
163274589
274589163
589163274
745891632
632745891
891632745

458916327
916327458
327458916
274589163
589163274
163274589
891632745
745891632
632745891

458916327
916327458
327458916
274589163
589163274
163274589
632745891
891632745
745891632

458916327
916327458
327458916
274589163
589163274
163274589
632745891
745891632
891632745

458916327
916327458
327458916
274589163
589163274
163274589
745891632
891632745
632745891

458916327
916327458
327458916
274589163
589163274
163274589
745891632
632745891
891632745

458916327
916327458
327458916
274589163
163274589
589163274
891632745
745891632
632745891

458916327
916327458
327458916
274589163
163274589
589163274
632745891
891632745
745891632

458916327
916327458
327458916
274589163
163274589
589163274
632745891
745891632
891632745

458916327
916327458
327458916
274589163
163274589
589163274
745891632
891632745
632745891

458916327
916327458
327458916
274589163
163274589
589163274
745891632
632745891
891632745

458916372
916372458
372458916
589163724
724589163
163724589
891637245
245891637
637245891

458916372
916372458
372458916
589163724
724589163
163724589
637245891
891637245
245891637

458916372
916372458
372458916
589163724
724589163
163724589
637245891
245891637
891637245

458916372
916372458
372458916
589163724
724589163
163724589
245891637
891637245
637245891

458916372
916372458
372458916
589163724
724589163
163724589
245891637
637245891
891637245

458916372
916372458
372458916
163724589
589163724
724589163
891637245
245891637
637245891

458916372
916372458
372458916
163724589
589163724
724589163
637245891
891637245
245891637

458916372
916372458
372458916
163724589
589163724
724589163
637245891
245891637
891637245

458916372
916372458
372458916
163724589
589163724
724589163
245891637
891637245
637245891

458916372
916372458
372458916
163724589
589163724
724589163
245891637
637245891
891637245

458916372
916372458
372458916
163724589
724589163
589163724
891637245
245891637
637245891

458916372
916372458
372458916
163724589
724589163
589163724
637245891
891637245
245891637

458916372
916372458
372458916
163724589
724589163
589163724
637245891
245891637
891637245

458916372
916372458
372458916
163724589
724589163
589163724
245891637
891637245
637245891

458916372
916372458
372458916
163724589
724589163
589163724
245891637
637245891
891637245

458916372
916372458
372458916
724589163
589163724
163724589
891637245
245891637
637245891

458916372
916372458
372458916
724589163
589163724
163724589
637245891
891637245
245891637

458916372
916372458
372458916
724589163
589163724
163724589
637245891
245891637
891637245

458916372
916372458
372458916
724589163
589163724
163724589
245891637
891637245
637245891

458916372
916372458
372458916
724589163
589163724
163724589
245891637
637245891
891637245

458916372
916372458
372458916
724589163
163724589
589163724
891637245
245891637
637245891

458916372
916372458
372458916
724589163
163724589
589163724
637245891
891637245
245891637

458916372
916372458
372458916
724589163
163724589
589163724
637245891
245891637
891637245

458916372
916372458
372458916
724589163
163724589
589163724
245891637
891637245
637245891

458916372
916372458
372458916
724589163
163724589
589163724
245891637
637245891
891637245

458916723
916723458
723458916
589167234
234589167
167234589
891672345
345891672
672345891

458916723
916723458
723458916
589167234
234589167
167234589
672345891
891672345
345891672

458916723
916723458
723458916
589167234
234589167
167234589
672345891
345891672
891672345

458916723
916723458
723458916
589167234
234589167
167234589
345891672
891672345
672345891

458916723
916723458
723458916
589167234
234589167
167234589
345891672
672345891
891672345

458916723
916723458
723458916
167234589
589167234
234589167
891672345
345891672
672345891

458916723
916723458
723458916
167234589
589167234
234589167
672345891
891672345
345891672

458916723
916723458
723458916
167234589
589167234
234589167
672345891
345891672
891672345

458916723
916723458
723458916
167234589
589167234
234589167
345891672
891672345
672345891

458916723
916723458
723458916
167234589
589167234
234589167
345891672
672345891
891672345

458916723
916723458
723458916
167234589
234589167
589167234
891672345
345891672
672345891

458916723
916723458
723458916
167234589
234589167
589167234
672345891
891672345
345891672

458916723
916723458
723458916
167234589
234589167
589167234
672345891
345891672
891672345

458916723
916723458
723458916
167234589
234589167
589167234
345891672
891672345
672345891

458916723
916723458
723458916
167234589
234589167
589167234
345891672
672345891
891672345

458916723
916723458
723458916
234589167
589167234
167234589
891672345
345891672
672345891

458916723
916723458
723458916
234589167
589167234
167234589
672345891
891672345
345891672

458916723
916723458
723458916
234589167
589167234
167234589
672345891
345891672
891672345

458916723
916723458
723458916
234589167
589167234
167234589
345891672
891672345
672345891

458916723
916723458
723458916
234589167
589167234
167234589
345891672
672345891
891672345

458916723
916723458
723458916
234589167
167234589
589167234
891672345
345891672
672345891

458916723
916723458
723458916
234589167
167234589
589167234
672345891
891672345
345891672

458916723
916723458
723458916
234589167
167234589
589167234
672345891
345891672
891672345

458916723
916723458
723458916
234589167
167234589
589167234
345891672
891672345
672345891

458916723
916723458
723458916
234589167
167234589
589167234
345891672
672345891
891672345

